肇庆市 0 67287 82333 131715 199802 81922 111936 172661 194550 146188 142997 
佛山市 67287 0 18889 64461 132849 49446 62691 109765 135678 102731 95644 
广州市 82333 18889 0 51243 117834 64041 69415 104231 132731 109085 100682 
东莞市 131715 64461 51243 0 68760 84485 67140 61806 93520 96028 85407 
惠州市 199802 132849 117834 68760 0 149026 124019 73083 96805 137275 127133 
江门市 81922 49446 64041 84485 149026 0 32665 100296 116398 64343 61247 
中山市 111936 62691 69415 67140 124019 32665 0 68373 83883 40119 33183 
深圳市 172661 109765 104231 61806 73083 100296 68373 0 32064 67017 58042 
澳门特别行政区 194550 135678 132731 93520 96805 116398 83883 32064 0 65427 60569 
香港特别行政区 146188 102731 109085 96028 137275 64343 40119 67017 65427 0 10766 
珠海市 142997 95644 100682 85407 127133 61247 33183 58042 60569 10766 0 